0,-3.1878,55.9444,310,-3.1876071637170944,55.944170186667066,null
1,-3.1876071637170944,55.944170186667066,130,-3.1878,55.9444,thank.salsa.brain
2,-3.1878,55.9444,110,-3.187902606042998,55.94468190778624,null
3,-3.187902606042998,55.94468190778624,110,-3.1880052120859954,55.94496381557248,agents.mile.crib
4,-3.1880052120859954,55.94496381557248,150,-3.188265019707131,55.945113815572476,null
5,-3.188265019707131,55.945113815572476,150,-3.1885248273282665,55.945263815572474,null
6,-3.1885248273282665,55.945263815572474,150,-3.188784634949402,55.94541381557247,shady.soft.phones
7,-3.188784634949402,55.94541381557247,70,-3.1886820289064044,55.94569572335871,null
8,-3.1886820289064044,55.94569572335871,70,-3.188579422863407,55.94597763114495,boost.radar.stress
9,-3.188579422863407,55.94597763114495,180,-3.188879422863407,55.94597763114495,null
10,-3.188879422863407,55.94597763114495,180,-3.189179422863407,55.94597763114495,null
11,-3.189179422863407,55.94597763114495,190,-3.189474865189311,55.94592553669165,coherent.saints.stuck
12,-3.189474865189311,55.94592553669165,280,-3.189422770736011,55.94563009436574,null
13,-3.189422770736011,55.94563009436574,280,-3.189370676282711,55.94533465203983,null
14,-3.189370676282711,55.94533465203983,280,-3.189318581829411,55.945039209713926,null
15,-3.189318581829411,55.945039209713926,280,-3.189266487376111,55.94474376738802,null
16,-3.189266487376111,55.94474376738802,280,-3.189214392922811,55.94444832506211,null
17,-3.189214392922811,55.94444832506211,290,-3.1891117868798133,55.94416641727587,spoon.invest.every
18,-3.1891117868798133,55.94416641727587,300,-3.1889617868798132,55.94390660965474,noted.friday.jams
19,-3.1889617868798132,55.94390660965474,290,-3.1888591808368156,55.9436247018685,null
20,-3.1888591808368156,55.9436247018685,300,-3.1887091808368155,55.94336489424737,null
21,-3.1887091808368155,55.94336489424737,290,-3.188606574793818,55.94308298646113,groups.ideas.script
22,-3.188606574793818,55.94308298646113,190,-3.1889020171197218,55.943030892007826,null
23,-3.1889020171197218,55.943030892007826,180,-3.189202017119722,55.943030892007826,region.passes.pencil
24,-3.189202017119722,55.943030892007826,0,-3.1889020171197218,55.943030892007826,null
25,-3.1889020171197218,55.943030892007826,0,-3.1886020171197216,55.943030892007826,null
26,-3.1886020171197216,55.943030892007826,340,-3.188320109333486,55.942928285964825,null
27,-3.188320109333486,55.942928285964825,20,-3.18803820154725,55.943030892007826,null
28,-3.18803820154725,55.943030892007826,20,-3.1877562937610144,55.94313349805083,null
29,-3.1877562937610144,55.94313349805083,20,-3.1874743859747787,55.94323610409383,null
30,-3.1874743859747787,55.94323610409383,20,-3.187192478188543,55.94333871013683,scale.chair.kinds
31,-3.187192478188543,55.94333871013683,290,-3.1870898721455454,55.94305680235059,valve.elaborate.fortunate
32,-3.1870898721455454,55.94305680235059,290,-3.186987266102548,55.94277489456435,strut.river.surely
33,-3.186987266102548,55.94277489456435,20,-3.186705358316312,55.94287750060735,null
34,-3.186705358316312,55.94287750060735,10,-3.1864099159904082,55.942929595060654,hers.banks.goat
35,-3.1864099159904082,55.942929595060654,320,-3.1861801026574725,55.94273675877775,under.retire.bump
36,-3.1861801026574725,55.94273675877775,10,-3.1858846603315687,55.94278885323105,null
37,-3.1858846603315687,55.94278885323105,20,-3.185602752545333,55.94289145927405,dent.shins.cycle
38,-3.185602752545333,55.94289145927405,100,-3.185654846998633,55.94318690159996,toned.deflection.bland
39,-3.185654846998633,55.94318690159996,40,-3.1854250336656973,55.943379737882864,null
40,-3.1854250336656973,55.943379737882864,50,-3.1852321973827915,55.9436095512158,hello.love.keys
41,-3.1852321973827915,55.9436095512158,130,-3.1854250336656973,55.94383936454874,manliness.poem.cliff
42,-3.1854250336656973,55.94383936454874,310,-3.1852321973827915,55.9436095512158,null
43,-3.1852321973827915,55.9436095512158,310,-3.1850393610998857,55.943379737882864,null
44,-3.1850393610998857,55.943379737882864,320,-3.18480954776695,55.94318690159996,brings.remedy.latter
45,-3.18480954776695,55.94318690159996,290,-3.1847069417239524,55.94290499381372,courier.assume.bill
46,-3.1847069417239524,55.94290499381372,80,-3.1846548472706524,55.94320043613963,null
47,-3.1846548472706524,55.94320043613963,80,-3.1846027528173524,55.943495878465534,null
48,-3.1846027528173524,55.943495878465534,80,-3.1845506583640524,55.94379132079144,null
49,-3.1845506583640524,55.94379132079144,90,-3.1845506583640524,55.94409132079144,null
50,-3.1845506583640524,55.94409132079144,80,-3.1844985639107524,55.94438676311735,null
51,-3.1844985639107524,55.94438676311735,90,-3.1844985639107524,55.94468676311735,null
52,-3.1844985639107524,55.94468676311735,80,-3.1844464694574524,55.94498220544326,sports.topic.clocks
53,-3.1844464694574524,55.94498220544326,140,-3.184676282790388,55.945175041726166,null
54,-3.184676282790388,55.945175041726166,140,-3.1849060961233238,55.94536787800907,null
55,-3.1849060961233238,55.94536787800907,140,-3.1851359094562595,55.94556071429198,null
56,-3.1851359094562595,55.94556071429198,150,-3.185395717077395,55.94571071429198,null
57,-3.185395717077395,55.94571071429198,140,-3.1856255304103307,55.94590355057488,null
58,-3.1856255304103307,55.94590355057488,150,-3.1858853380314662,55.94605355057488,renew.slows.basket
59,-3.1858853380314662,55.94605355057488,210,-3.1861451456526018,55.94590355057488,null
60,-3.1861451456526018,55.94590355057488,210,-3.1864049532737373,55.945753550574885,null
61,-3.1864049532737373,55.945753550574885,210,-3.186664760894873,55.94560355057489,null
62,-3.186664760894873,55.94560355057489,210,-3.1869245685160084,55.94545355057489,spent.spoon.bolt
63,-3.1869245685160084,55.94545355057489,310,-3.1867317322331026,55.94522373724195,null
64,-3.1867317322331026,55.94522373724195,310,-3.186538895950197,55.94499392390902,null
65,-3.186538895950197,55.94499392390902,300,-3.1863888959501967,55.94473411628788,null
66,-3.1863888959501967,55.94473411628788,300,-3.1862388959501966,55.94447430866675,null
67,-3.1862388959501966,55.94447430866675,290,-3.186136289907199,55.94419240088051,null
68,-3.186136289907199,55.94419240088051,200,-3.1864181976934347,55.94408979483751,null
69,-3.1864181976934347,55.94408979483751,190,-3.1867136400193385,55.94403770038421,null
70,-3.1867136400193385,55.94403770038421,190,-3.1870090823452424,55.943985605930905,renew.ears.tend
71,-3.1870090823452424,55.943985605930905,180,-3.1873090823452426,55.943985605930905,null
72,-3.1873090823452426,55.943985605930905,180,-3.1876090823452428,55.943985605930905,null
73,-3.1876090823452428,55.943985605930905,180,-3.187909082345243,55.943985605930905,null
74,-3.187909082345243,55.943985605930905,180,-3.188209082345243,55.943985605930905,null
75,-3.188209082345243,55.943985605930905,180,-3.1885090823452433,55.943985605930905,null
76,-3.1885090823452433,55.943985605930905,180,-3.1888090823452435,55.943985605930905,null
77,-3.1888090823452435,55.943985605930905,170,-3.1891045246711474,55.94403770038421,null
78,-3.1891045246711474,55.94403770038421,180,-3.1894045246711475,55.94403770038421,null
79,-3.1894045246711475,55.94403770038421,170,-3.1896999669970514,55.94408979483751,cliff.asleep.wedge
80,-3.1896999669970514,55.94408979483751,260,-3.1897520614503514,55.9437943525116,null
81,-3.1897520614503514,55.9437943525116,260,-3.1898041559036514,55.943498910185696,null
82,-3.1898041559036514,55.943498910185696,260,-3.1898562503569514,55.94320346785979,null
83,-3.1898562503569514,55.94320346785979,260,-3.1899083448102514,55.94290802553388,second.launch.miles
84,-3.1899083448102514,55.94290802553388,300,-3.1897583448102513,55.94264821791275,hooked.shine.third
85,-3.1897583448102513,55.94264821791275,160,-3.190040252596487,55.94275082395575,null
86,-3.190040252596487,55.94275082395575,160,-3.1903221603827228,55.94285342999875,null
87,-3.1903221603827228,55.94285342999875,170,-3.1906176027086266,55.94290552445205,null
88,-3.1906176027086266,55.94290552445205,160,-3.1908995104948623,55.94300813049505,null
89,-3.1908995104948623,55.94300813049505,170,-3.191194952820766,55.943060224948354,else.urban.museum
90,-3.191194952820766,55.943060224948354,80,-3.191142858367466,55.94335566727426,null
91,-3.191142858367466,55.94335566727426,80,-3.191090763914166,55.94365110960017,loaf.cheer.slave
92,-3.191090763914166,55.94365110960017,90,-3.191090763914166,55.94395110960017,null
93,-3.191090763914166,55.94395110960017,100,-3.191142858367466,55.94424655192608,hills.giant.crate
94,-3.191142858367466,55.94424655192608,70,-3.1910402523244685,55.944528459712316,paying.crowd.weep
95,-3.1910402523244685,55.944528459712316,100,-3.1910923467777685,55.94482390203822,estate.gave.votes
96,-3.1910923467777685,55.94482390203822,170,-3.1913877891036724,55.944875996491525,null
97,-3.1913877891036724,55.944875996491525,160,-3.191669696889908,55.944978602534526,null
98,-3.191669696889908,55.944978602534526,170,-3.191965139215812,55.94503069698783,null
99,-3.191965139215812,55.94503069698783,160,-3.1922470470020476,55.94513330303083,useful.hike.trades
100,-3.1922470470020476,55.94513330303083,350,-3.191951604676144,55.94508120857753,null
101,-3.191951604676144,55.94508120857753,350,-3.19165616235024,55.945029114124225,null
102,-3.19165616235024,55.945029114124225,350,-3.191360720024336,55.94497701967092,null
103,-3.191360720024336,55.94497701967092,350,-3.1910652776984323,55.94492492521762,null
104,-3.1910652776984323,55.94492492521762,350,-3.1907698353725285,55.94487283076432,null
105,-3.1907698353725285,55.94487283076432,350,-3.1904743930466246,55.944820736311016,null
106,-3.1904743930466246,55.944820736311016,350,-3.1901789507207208,55.94476864185771,null
107,-3.1901789507207208,55.94476864185771,350,-3.189883508394817,55.94471654740441,null
108,-3.189883508394817,55.94471654740441,350,-3.189588066068913,55.94466445295111,null
109,-3.189588066068913,55.94466445295111,350,-3.1892926237430093,55.94461235849781,null
110,-3.1892926237430093,55.94461235849781,350,-3.1889971814171054,55.944560264044505,null
111,-3.1889971814171054,55.944560264044505,350,-3.1887017390912016,55.9445081695912,null
112,-3.1887017390912016,55.9445081695912,350,-3.1884062967652977,55.9444560751379,null
113,-3.1884062967652977,55.9444560751379,350,-3.188110854439394,55.9444039806846,null
114,-3.188110854439394,55.9444039806846,0,-3.1878108544393937,55.9444039806846,null
