0,-3.1878,55.9444,10,-3.1875045576740964,55.944452094453304,null
1,-3.1875045576740964,55.944452094453304,10,-3.1872091153481925,55.944504188906606,only.fairly.rift
2,-3.1872091153481925,55.944504188906606,10,-3.1869136730222887,55.94455628335991,artist.gets.react
3,-3.1869136730222887,55.94455628335991,180,-3.187213673022289,55.94455628335991,null
4,-3.187213673022289,55.94455628335991,290,-3.1871110669792913,55.94427437557367,null
5,-3.1871110669792913,55.94427437557367,290,-3.1870084609362936,55.94399246778743,renew.ears.tend
6,-3.1870084609362936,55.94399246778743,10,-3.18671301861039,55.944044562240734,lime.learns.front
7,-3.18671301861039,55.944044562240734,350,-3.186417576284486,55.94399246778743,null
8,-3.186417576284486,55.94399246778743,350,-3.186122133958582,55.94394037333413,teams.mild.played
9,-3.186122133958582,55.94394037333413,180,-3.1864221339585823,55.94394037333413,null
10,-3.1864221339585823,55.94394037333413,170,-3.186717576284486,55.94399246778743,null
11,-3.186717576284486,55.94399246778743,190,-3.18701301861039,55.94394037333413,null
12,-3.18701301861039,55.94394037333413,190,-3.187308460936294,55.94388827888083,begins.spider.drips
13,-3.187308460936294,55.94388827888083,280,-3.187256366482994,55.94359283655492,null
14,-3.187256366482994,55.94359283655492,280,-3.187204272029694,55.94329739422901,scale.chair.kinds
15,-3.187204272029694,55.94329739422901,290,-3.187101665986696,55.943015486442775,null
16,-3.187101665986696,55.943015486442775,290,-3.1869990599436986,55.94273357865654,strut.river.surely
17,-3.1869990599436986,55.94273357865654,0,-3.1866990599436984,55.94273357865654,null
18,-3.1866990599436984,55.94273357865654,10,-3.1864036176177946,55.94278567310984,under.retire.bump
19,-3.1864036176177946,55.94278567310984,160,-3.1866855254040303,55.94288827915284,null
20,-3.1866855254040303,55.94288827915284,150,-3.186945333025166,55.94303827915284,null
21,-3.186945333025166,55.94303827915284,160,-3.1872272408114015,55.94314088519584,null
22,-3.1872272408114015,55.94314088519584,150,-3.187487048432537,55.943290885195836,null
23,-3.187487048432537,55.943290885195836,160,-3.1877689562187728,55.94339349123884,null
24,-3.1877689562187728,55.94339349123884,150,-3.1880287638399083,55.943543491238835,scare.cubs.resort
25,-3.1880287638399083,55.943543491238835,120,-3.1881787638399084,55.94380329885997,null
26,-3.1881787638399084,55.94380329885997,120,-3.1883287638399085,55.9440631064811,null
27,-3.1883287638399085,55.9440631064811,110,-3.188431369882906,55.94434501426734,trades.rare.cable
28,-3.188431369882906,55.94434501426734,190,-3.18872681220881,55.94429291981404,null
29,-3.18872681220881,55.94429291981404,190,-3.1890222545347138,55.94424082536074,spoon.invest.every
30,-3.1890222545347138,55.94424082536074,100,-3.189074348988014,55.944536267686644,null
31,-3.189074348988014,55.944536267686644,100,-3.189126443441314,55.94483171001255,null
32,-3.189126443441314,55.94483171001255,100,-3.189178537894614,55.94512715233846,number.exist.rate
33,-3.189178537894614,55.94512715233846,0,-3.1888785378946136,55.94512715233846,rooms.lamp.teach
34,-3.1888785378946136,55.94512715233846,80,-3.1888264434413136,55.945422594664365,shady.soft.phones
35,-3.1888264434413136,55.945422594664365,10,-3.1885310011154098,55.94547468911767,null
36,-3.1885310011154098,55.94547468911767,10,-3.188235558789506,55.94552678357097,skills.less.herb
37,-3.188235558789506,55.94552678357097,10,-3.187940116463602,55.94557887802427,null
38,-3.187940116463602,55.94557887802427,10,-3.1876446741376983,55.94563097247757,null
39,-3.1876446741376983,55.94563097247757,0,-3.187344674137698,55.94563097247757,diner.leaves.mutual
40,-3.187344674137698,55.94563097247757,350,-3.1870492318117942,55.94557887802427,spent.spoon.bolt
41,-3.1870492318117942,55.94557887802427,310,-3.1868563955288884,55.945349064691335,null
42,-3.1868563955288884,55.945349064691335,310,-3.1866635592459827,55.9451192513584,null
43,-3.1866635592459827,55.9451192513584,300,-3.1865135592459826,55.944859443737265,laws.merit.bleak
44,-3.1865135592459826,55.944859443737265,10,-3.1862181169200787,55.94491153819057,null
45,-3.1862181169200787,55.94491153819057,10,-3.185922674594175,55.94496363264387,null
46,-3.185922674594175,55.94496363264387,10,-3.185627232268271,55.94501572709717,null
47,-3.185627232268271,55.94501572709717,10,-3.185331789942367,55.945067821550474,null
48,-3.185331789942367,55.945067821550474,20,-3.1850498821561315,55.945170427593474,null
49,-3.1850498821561315,55.945170427593474,10,-3.1847544398302277,55.94522252204678,null
50,-3.1847544398302277,55.94522252204678,20,-3.184472532043992,55.94532512808978,settle.title.united
51,-3.184472532043992,55.94532512808978,260,-3.184524626497292,55.94502968576387,null
52,-3.184524626497292,55.94502968576387,260,-3.184576720950592,55.94473424343796,null
53,-3.184576720950592,55.94473424343796,260,-3.184628815403892,55.94443880111206,null
54,-3.184628815403892,55.94443880111206,270,-3.184628815403892,55.944138801112054,null
55,-3.184628815403892,55.944138801112054,260,-3.184680909857192,55.94384335878615,rider.mile.lime
56,-3.184680909857192,55.94384335878615,180,-3.184980909857192,55.94384335878615,null
57,-3.184980909857192,55.94384335878615,180,-3.1852809098571924,55.94384335878615,null
58,-3.1852809098571924,55.94384335878615,180,-3.1855809098571926,55.94384335878615,null
59,-3.1855809098571926,55.94384335878615,180,-3.1858809098571927,55.94384335878615,null
60,-3.1858809098571927,55.94384335878615,170,-3.1861763521830966,55.94389545323945,null
61,-3.1861763521830966,55.94389545323945,170,-3.1864717945090004,55.94394754769275,null
62,-3.1864717945090004,55.94394754769275,170,-3.1867672368349043,55.94399964214605,null
63,-3.1867672368349043,55.94399964214605,160,-3.18704914462114,55.944102248189054,null
64,-3.18704914462114,55.944102248189054,150,-3.1873089522422755,55.94425224818905,null
65,-3.1873089522422755,55.94425224818905,150,-3.187568759863411,55.94440224818905,null
66,-3.187568759863411,55.94440224818905,140,-3.1877985731963467,55.944595084471956,null
67,-3.1877985731963467,55.944595084471956,150,-3.1880583808174823,55.944745084471954,null
68,-3.1880583808174823,55.944745084471954,140,-3.188288194150418,55.94493792075486,null
69,-3.188288194150418,55.94493792075486,150,-3.1885480017715535,55.94508792075486,null
70,-3.1885480017715535,55.94508792075486,140,-3.188777815104489,55.945280757037764,null
71,-3.188777815104489,55.945280757037764,150,-3.1890376227256247,55.94543075703776,null
72,-3.1890376227256247,55.94543075703776,140,-3.1892674360585604,55.94562359332067,museum.spicy.horns
73,-3.1892674360585604,55.94562359332067,110,-3.189370042101558,55.94590550110691,coherent.saints.stuck
74,-3.189370042101558,55.94590550110691,170,-3.189665484427462,55.94595759556021,null
75,-3.189665484427462,55.94595759556021,170,-3.1899609267533657,55.94600969001351,love.behind.orchestra
76,-3.1899609267533657,55.94600969001351,180,-3.190260926753366,55.94600969001351,null
77,-3.190260926753366,55.94600969001351,180,-3.190560926753366,55.94600969001351,null
78,-3.190560926753366,55.94600969001351,180,-3.1908609267533663,55.94600969001351,null
79,-3.1908609267533663,55.94600969001351,190,-3.19115636907927,55.94595759556021,simple.rust.audio
80,-3.19115636907927,55.94595759556021,240,-3.1913063690792702,55.945697787939075,null
81,-3.1913063690792702,55.945697787939075,240,-3.1914563690792703,55.94543798031794,null
82,-3.1914563690792703,55.94543798031794,240,-3.1916063690792704,55.94517817269681,hills.feels.tunes
83,-3.1916063690792704,55.94517817269681,190,-3.1919018114051743,55.945126078243504,null
84,-3.1919018114051743,55.945126078243504,180,-3.1922018114051744,55.945126078243504,useful.hike.trades
85,-3.1922018114051744,55.945126078243504,320,-3.1919719980722387,55.9449332419606,null
86,-3.1919719980722387,55.9449332419606,320,-3.191742184739303,55.94474040567769,null
87,-3.191742184739303,55.94474040567769,320,-3.1915123714063673,55.944547569394786,null
88,-3.1915123714063673,55.944547569394786,330,-3.191252563785232,55.94439756939479,null
89,-3.191252563785232,55.94439756939479,320,-3.191022750452296,55.94420473311188,null
90,-3.191022750452296,55.94420473311188,330,-3.1907629428311606,55.944054733111884,null
91,-3.1907629428311606,55.944054733111884,320,-3.190533129498225,55.94386189682898,null
92,-3.190533129498225,55.94386189682898,330,-3.1902733218770893,55.94371189682898,sculpture.shot.melon
93,-3.1902733218770893,55.94371189682898,290,-3.1901707158340917,55.94342998904274,arts.dish.scarcely
94,-3.1901707158340917,55.94342998904274,300,-3.1900207158340916,55.94317018142161,null
95,-3.1900207158340916,55.94317018142161,290,-3.189918109791094,55.94288827363537,second.launch.miles
96,-3.189918109791094,55.94288827363537,190,-3.190213552116998,55.942836179182066,null
97,-3.190213552116998,55.942836179182066,180,-3.190513552116998,55.942836179182066,tonic.bliss.cove
98,-3.190513552116998,55.942836179182066,130,-3.190706388399904,55.943065992515,relate.chill.vest
99,-3.190706388399904,55.943065992515,220,-3.1909362017328395,55.942873156232096,null
100,-3.1909362017328395,55.942873156232096,210,-3.191196009353975,55.9427231562321,along.spill.limp
101,-3.191196009353975,55.9427231562321,30,-3.1909362017328395,55.942873156232096,null
102,-3.1909362017328395,55.942873156232096,30,-3.190676394111704,55.943023156232094,null
103,-3.190676394111704,55.943023156232094,30,-3.1904165864905685,55.94317315623209,null
104,-3.1904165864905685,55.94317315623209,30,-3.190156778869433,55.94332315623209,null
105,-3.190156778869433,55.94332315623209,20,-3.1898748710831972,55.94342576227509,null
106,-3.1898748710831972,55.94342576227509,30,-3.1896150634620617,55.94357576227509,null
107,-3.1896150634620617,55.94357576227509,20,-3.189333155675826,55.94367836831809,null
108,-3.189333155675826,55.94367836831809,30,-3.1890733480546904,55.94382836831809,null
109,-3.1890733480546904,55.94382836831809,20,-3.1887914402684547,55.94393097436109,null
110,-3.1887914402684547,55.94393097436109,30,-3.188531632647319,55.944080974361086,null
111,-3.188531632647319,55.944080974361086,20,-3.1882497248610835,55.944183580404086,null
112,-3.1882497248610835,55.944183580404086,30,-3.187989917239948,55.944333580404084,null
