0,-3.1878,55.9444,10,-3.1875045576740964,55.944452094453304,null
1,-3.1875045576740964,55.944452094453304,10,-3.1872091153481925,55.944504188906606,only.fairly.rift
2,-3.1872091153481925,55.944504188906606,10,-3.1869136730222887,55.94455628335991,artist.gets.react
3,-3.1869136730222887,55.94455628335991,40,-3.186683859689353,55.944749119642815,null
4,-3.186683859689353,55.944749119642815,40,-3.1864540463564173,55.94494195592572,null
5,-3.1864540463564173,55.94494195592572,140,-3.186683859689353,55.94513479220863,dragon.bottle.crisp
6,-3.186683859689353,55.94513479220863,60,-3.186533859689353,55.94539459982976,null
7,-3.186533859689353,55.94539459982976,60,-3.186383859689353,55.945654407450895,posts.kicked.universally
8,-3.186383859689353,55.945654407450895,10,-3.186088417363449,55.9457065019042,null
9,-3.186088417363449,55.9457065019042,10,-3.185792975037545,55.9457585963575,shed.desire.muddy
10,-3.185792975037545,55.9457585963575,300,-3.185642975037545,55.945498788736366,null
11,-3.185642975037545,55.945498788736366,290,-3.1855403689945474,55.94521688095013,null
12,-3.1855403689945474,55.94521688095013,300,-3.1853903689945473,55.94495707332899,null
13,-3.1853903689945473,55.94495707332899,290,-3.1852877629515497,55.944675165542755,acid.chair.butter
14,-3.1852877629515497,55.944675165542755,20,-3.185005855165314,55.944777771585755,null
15,-3.185005855165314,55.944777771585755,20,-3.1847239473790783,55.944880377628756,null
16,-3.1847239473790783,55.944880377628756,20,-3.1844420395928426,55.94498298367176,sports.topic.clocks
17,-3.1844420395928426,55.94498298367176,240,-3.1845920395928426,55.94472317605062,null
18,-3.1845920395928426,55.94472317605062,240,-3.1847420395928427,55.94446336842949,null
19,-3.1847420395928427,55.94446336842949,240,-3.184892039592843,55.944203560808354,null
20,-3.184892039592843,55.944203560808354,240,-3.185042039592843,55.94394375318722,null
21,-3.185042039592843,55.94394375318722,250,-3.1851446456358405,55.94366184540098,hello.love.keys
22,-3.1851446456358405,55.94366184540098,240,-3.1852946456358406,55.94340203777985,null
23,-3.1852946456358406,55.94340203777985,240,-3.1854446456358407,55.94314223015871,null
24,-3.1854446456358407,55.94314223015871,240,-3.185594645635841,55.94288242253758,dent.shins.cycle
25,-3.185594645635841,55.94288242253758,190,-3.1858900879617447,55.94283032808428,null
26,-3.1858900879617447,55.94283032808428,190,-3.1861855302876485,55.942778233630975,under.retire.bump
27,-3.1861855302876485,55.942778233630975,90,-3.1861855302876485,55.94307823363098,null
28,-3.1861855302876485,55.94307823363098,90,-3.1861855302876485,55.94337823363098,null
29,-3.1861855302876485,55.94337823363098,80,-3.1861334358343485,55.94367367595689,null
30,-3.1861334358343485,55.94367367595689,90,-3.1861334358343485,55.94397367595689,null
31,-3.1861334358343485,55.94397367595689,80,-3.1860813413810485,55.9442691182828,organs.shape.fantastic
32,-3.1860813413810485,55.9442691182828,210,-3.186341149002184,55.9441191182828,null
33,-3.186341149002184,55.9441191182828,190,-3.186636591328088,55.9440670238295,null
34,-3.186636591328088,55.9440670238295,190,-3.1869320336539917,55.944014929376195,null
35,-3.1869320336539917,55.944014929376195,190,-3.1872274759798955,55.94396283492289,null
36,-3.1872274759798955,55.94396283492289,200,-3.1875093837661312,55.94386022887989,begins.spider.drips
37,-3.1875093837661312,55.94386022887989,240,-3.1876593837661313,55.94360042125876,null
38,-3.1876593837661313,55.94360042125876,240,-3.1878093837661314,55.94334061363762,gums.clock.modes
39,-3.1878093837661314,55.94334061363762,200,-3.188091291552367,55.94323800759462,null
40,-3.188091291552367,55.94323800759462,190,-3.188386733878271,55.94318591314132,null
41,-3.188386733878271,55.94318591314132,200,-3.1886686416645067,55.94308330709832,groups.ideas.script
42,-3.1886686416645067,55.94308330709832,160,-3.1889505494507424,55.94318591314132,null
43,-3.1889505494507424,55.94318591314132,170,-3.1892459917766462,55.94323800759462,rents.cone.stove
44,-3.1892459917766462,55.94323800759462,70,-3.1891433857336486,55.94351991538086,null
45,-3.1891433857336486,55.94351991538086,60,-3.1889933857336485,55.943779723001995,noted.friday.jams
46,-3.1889933857336485,55.943779723001995,110,-3.189095991776646,55.944061630788234,spoon.invest.every
47,-3.189095991776646,55.944061630788234,0,-3.188795991776646,55.944061630788234,null
48,-3.188795991776646,55.944061630788234,0,-3.1884959917766458,55.944061630788234,null
49,-3.1884959917766458,55.944061630788234,0,-3.1881959917766456,55.944061630788234,rush.crown.link
50,-3.1881959917766456,55.944061630788234,110,-3.188298597819643,55.94434353857447,null
51,-3.188298597819643,55.94434353857447,110,-3.188401203862641,55.94462544636071,null
52,-3.188401203862641,55.94462544636071,120,-3.188551203862641,55.944885253981845,null
53,-3.188551203862641,55.944885253981845,110,-3.1886538099056385,55.94516716176808,null
54,-3.1886538099056385,55.94516716176808,120,-3.1888038099056386,55.94542696938922,shady.soft.phones
55,-3.1888038099056386,55.94542696938922,160,-3.1890857176918743,55.94552957543222,null
56,-3.1890857176918743,55.94552957543222,150,-3.18934552531301,55.945679575432216,museum.spicy.horns
57,-3.18934552531301,55.945679575432216,100,-3.18939761976631,55.94597501775812,coherent.saints.stuck
58,-3.18939761976631,55.94597501775812,230,-3.1895904560492156,55.94574520442519,null
59,-3.1895904560492156,55.94574520442519,220,-3.1898202693821514,55.94555236814228,turkey.limit.ramp
60,-3.1898202693821514,55.94555236814228,190,-3.190115711708055,55.94550027368898,null
61,-3.190115711708055,55.94550027368898,200,-3.190397619494291,55.94539766764598,null
62,-3.190397619494291,55.94539766764598,190,-3.1906930618201947,55.945345573192675,null
63,-3.1906930618201947,55.945345573192675,200,-3.1909749696064305,55.945242967149674,maple.limit.hotels
64,-3.1909749696064305,55.945242967149674,260,-3.1910270640597305,55.94494752482377,null
65,-3.1910270640597305,55.94494752482377,260,-3.1910791585130305,55.94465208249786,estate.gave.votes
66,-3.1910791585130305,55.94465208249786,270,-3.1910791585130305,55.94435208249786,paying.crowd.weep
67,-3.1910791585130305,55.94435208249786,270,-3.1910791585130305,55.944052082497855,spicy.bunch.shady
68,-3.1910791585130305,55.944052082497855,290,-3.190976552470033,55.94377017471162,null
69,-3.190976552470033,55.94377017471162,290,-3.1908739464270353,55.94348826692538,null
70,-3.1908739464270353,55.94348826692538,290,-3.1907713403840376,55.94320635913914,relate.chill.vest
71,-3.1907713403840376,55.94320635913914,300,-3.1906213403840376,55.942946551518006,tonic.bliss.cove
72,-3.1906213403840376,55.942946551518006,20,-3.190339432597802,55.943049157561006,null
73,-3.190339432597802,55.943049157561006,20,-3.190057524811566,55.94315176360401,shows.fries.lamp
74,-3.190057524811566,55.94315176360401,300,-3.189907524811566,55.94289195598287,null
75,-3.189907524811566,55.94289195598287,300,-3.189757524811566,55.94263214836174,hooked.shine.third
76,-3.189757524811566,55.94263214836174,130,-3.1899503610944717,55.942861961694675,null
77,-3.1899503610944717,55.942861961694675,140,-3.1901801744274074,55.94305479797758,null
78,-3.1901801744274074,55.94305479797758,130,-3.190373010710313,55.94328461131052,null
79,-3.190373010710313,55.94328461131052,140,-3.190602824043249,55.94347744759342,null
80,-3.190602824043249,55.94347744759342,130,-3.1907956603261547,55.94370726092636,null
81,-3.1907956603261547,55.94370726092636,140,-3.1910254736590904,55.943900097209266,null
82,-3.1910254736590904,55.943900097209266,130,-3.191218309941996,55.9441299105422,null
83,-3.191218309941996,55.9441299105422,140,-3.191448123274932,55.94432274682511,null
84,-3.191448123274932,55.94432274682511,130,-3.1916409595578377,55.944552560158044,null
85,-3.1916409595578377,55.944552560158044,140,-3.1918707728907734,55.94474539644095,null
86,-3.1918707728907734,55.94474539644095,130,-3.192063609173679,55.94497520977389,null
87,-3.192063609173679,55.94497520977389,140,-3.192293422506615,55.94516804605679,useful.hike.trades
88,-3.192293422506615,55.94516804605679,10,-3.191997980180711,55.945220140510095,null
89,-3.191997980180711,55.945220140510095,10,-3.191702537854807,55.9452722349634,null
90,-3.191702537854807,55.9452722349634,10,-3.1914070955289033,55.9453243294167,null
91,-3.1914070955289033,55.9453243294167,10,-3.1911116532029995,55.94537642387,null
92,-3.1911116532029995,55.94537642387,10,-3.1908162108770957,55.945428518323304,null
93,-3.1908162108770957,55.945428518323304,20,-3.19053430309086,55.945531124366305,null
94,-3.19053430309086,55.945531124366305,10,-3.190238860764956,55.94558321881961,null
95,-3.190238860764956,55.94558321881961,20,-3.1899569529787204,55.94568582486261,null
96,-3.1899569529787204,55.94568582486261,10,-3.1896615106528166,55.94573791931591,null
97,-3.1896615106528166,55.94573791931591,20,-3.189379602866581,55.94584052535891,null
98,-3.189379602866581,55.94584052535891,10,-3.189084160540677,55.94589261981221,null
99,-3.189084160540677,55.94589261981221,20,-3.1888022527544413,55.945995225855214,null
100,-3.1888022527544413,55.945995225855214,10,-3.1885068104285375,55.946047320308516,boost.radar.stress
101,-3.1885068104285375,55.946047320308516,350,-3.1882113681026336,55.945995225855214,null
102,-3.1882113681026336,55.945995225855214,0,-3.1879113681026334,55.945995225855214,null
103,-3.1879113681026334,55.945995225855214,350,-3.1876159257767296,55.94594313140191,null
104,-3.1876159257767296,55.94594313140191,0,-3.1873159257767294,55.94594313140191,slips.mass.baking
105,-3.1873159257767294,55.94594313140191,210,-3.187575733397865,55.94579313140191,null
106,-3.187575733397865,55.94579313140191,210,-3.1878355410190005,55.945643131401916,null
107,-3.1878355410190005,55.945643131401916,220,-3.188065354351936,55.94545029511901,null
108,-3.188065354351936,55.94545029511901,240,-3.1882153543519363,55.945190487497875,null
109,-3.1882153543519363,55.945190487497875,300,-3.188065354351936,55.94493067987674,null
110,-3.188065354351936,55.94493067987674,300,-3.187915354351936,55.94467087225561,null
